-10.000000 -1.000000 -1.000000 
-9.800000 -1.000000 -1.000000 
-9.600000 -1.000000 -1.000000 
-9.400000 -1.000000 -1.000000 
-9.200000 -1.000000 -1.000000 
-9.000000 -1.000000 -1.000000 
-8.800000 -1.000000 -1.000000 
-8.600000 -1.000000 -1.000000 
-8.400000 -1.000000 -1.000000 
-8.200000 -1.000000 -1.000000 
-8.000000 -1.000000 -1.000000 
-7.800000 -1.000000 -1.000000 
-7.600000 -1.000000 -1.000000 
-7.400000 -1.000000 -1.000000 
-7.200000 -1.000000 -1.000000 
-7.000000 -1.000000 -1.000000 
-6.800000 -1.000000 -1.000000 
-6.600000 -1.000000 -1.000000 
-6.400000 -1.000000 -1.000000 
-6.200000 -1.000000 -1.000000 
-6.000000 -1.000000 -1.000000 
-5.800000 -1.000000 -1.000000 
-5.600000 -1.000000 -1.000000 
-5.400000 -1.000000 -1.000000 
-5.200000 -1.000000 -1.000000 
-5.000000 -1.000000 -1.000000 
-4.800000 -1.000000 -1.000000 
-4.600000 -1.000000 -1.000000 
-4.400000 -1.000000 -1.000000 
-4.200000 -1.000000 -1.000000 
-4.000000 -1.000000 -1.000000 
-3.800000 -1.000000 -1.000000 
-3.600000 -1.000000 -1.000000 
-3.400000 -1.000000 -1.000000 
-3.200000 -1.000000 -1.000000 
-3.000000 -1.000000 -1.000000 
-2.800000 -1.000000 -1.000000 
-2.600000 -1.000000 -1.000000 
-2.400000 -1.000000 -1.000000 
-2.200000 -1.000000 -1.000000 
-2.000000 -1.000000 -1.000000 
-1.800000 -1.000000 -1.000000 
-1.600000 -1.000000 -1.000000 
-1.400000 -1.000000 -1.000000 
-1.200000 -1.000000 -1.000000 
-1.000000 -1.000000 -1.000000 
-0.800000 -1.000000 -1.000000 
-0.600000 -1.000000 -1.000000 
-0.400000 -1.000000 -1.000000 
-0.200000 -1.000000 -1.000000 
0.000000 -1.000000 -1.000000 
0.200000 -1.000000 -1.000000 
0.400000 -1.000000 -1.000000 
0.600000 -1.000000 -1.000000 
0.800000 -1.000000 -0.999999 
1.000000 -1.000000 -0.999995 
1.200000 -1.000000 -0.999972 
1.400000 -1.000000 -0.999878 
1.600000 -1.000000 -0.999539 
1.800000 -1.000000 -0.998485 
2.000000 -1.000000 -0.995606 
2.200000 -1.000000 -0.988625 
2.400000 -1.000000 -0.973499 
2.600000 -1.000000 -0.944023 
2.800000 -1.000000 -0.892090 
3.000000 -1.000000 -0.808997 
3.200000 -1.000000 -0.687819 
3.400000 -1.000000 -0.526248 
3.600000 -1.000000 -0.328773 
3.800000 -1.000000 -0.107047 
4.000000 1.000000 0.122070 
4.200000 1.000000 0.340277 
4.400000 1.000000 0.532034 
4.600000 1.000000 0.687663 
4.800000 1.000000 0.804385 
5.000000 1.000000 0.885312 
5.200000 1.000000 0.937189 
5.400000 1.000000 0.967930 
5.600000 1.000000 0.984765 
5.800000 1.000000 0.993279 
6.000000 1.000000 0.997252 
6.200000 1.000000 0.998961 
6.400000 1.000000 0.999638 
6.600000 1.000000 0.999884 
6.800000 1.000000 0.999966 
7.000000 1.000000 0.999991 
7.200000 1.000000 0.999998 
7.400000 1.000000 1.000000 
7.600000 1.000000 1.000000 
7.800000 1.000000 1.000000 
8.000000 1.000000 1.000000 
8.200000 1.000000 1.000000 
8.400000 1.000000 1.000000 
8.600000 1.000000 1.000000 
8.800000 1.000000 1.000000 
9.000000 1.000000 1.000000 
9.200000 1.000000 1.000000 
9.400000 1.000000 1.000000 
9.600000 1.000000 1.000000 
9.800000 1.000000 1.000000 
10.000000 1.000000 1.000000 
