-10.000000 -1.000000 -1.000000 
-9.800000 -1.000000 -1.000000 
-9.600000 -1.000000 -1.000000 
-9.400000 -1.000000 -1.000000 
-9.200000 -1.000000 -1.000000 
-9.000000 -1.000000 -1.000000 
-8.800000 -1.000000 -1.000000 
-8.600000 -1.000000 -1.000000 
-8.400000 -1.000000 -1.000000 
-8.200000 -1.000000 -1.000000 
-8.000000 -1.000000 -1.000000 
-7.800000 -1.000000 -1.000000 
-7.600000 -1.000000 -1.000000 
-7.400000 -1.000000 -1.000000 
-7.200000 -1.000000 -1.000000 
-7.000000 -1.000000 -1.000000 
-6.800000 -1.000000 -1.000000 
-6.600000 -1.000000 -1.000000 
-6.400000 -1.000000 -1.000000 
-6.200000 -1.000000 -1.000000 
-6.000000 -1.000000 -1.000000 
-5.800000 -1.000000 -1.000000 
-5.600000 -1.000000 -1.000000 
-5.400000 -1.000000 -1.000000 
-5.200000 -1.000000 -1.000000 
-5.000000 -1.000000 -1.000000 
-4.800000 -1.000000 -1.000000 
-4.600000 -1.000000 -1.000000 
-4.400000 -1.000000 -1.000000 
-4.200000 -1.000000 -1.000000 
-4.000000 -1.000000 -1.000000 
-3.800000 -1.000000 -1.000000 
-3.600000 -1.000000 -1.000000 
-3.400000 -1.000000 -1.000000 
-3.200000 -1.000000 -1.000000 
-3.000000 -1.000000 -1.000000 
-2.800000 -1.000000 -1.000001 
-2.600000 -1.000000 -0.999998 
-2.400000 -1.000000 -0.999999 
-2.200000 -1.000000 -1.000010 
-2.000000 -1.000000 -0.999985 
-1.800000 -1.000000 -0.999991 
-1.600000 -1.000000 -1.000064 
-1.400000 -1.000000 -0.999950 
-1.200000 -1.000000 -0.999852 
-1.000000 -1.000000 -1.000281 
-0.800000 -1.000000 -1.000233 
-0.600000 -1.000000 -0.999091 
-0.400000 -1.000000 -0.999715 
-0.200000 -1.000000 -1.002420 
0.000000 -1.000000 -1.000527 
0.200000 -1.000000 -0.994216 
0.400000 -1.000000 -0.997612 
0.600000 -1.000000 -1.012124 
0.800000 -1.000000 -1.010724 
1.000000 -1.000000 -0.981074 
1.200000 -1.000000 -0.965228 
1.400000 -1.000000 -1.008169 
1.600000 -1.000000 -1.072497 
1.800000 -1.000000 -1.060530 
2.000000 -1.000000 -0.942894 
2.200000 -1.000000 -0.826671 
2.400000 -1.000000 -0.859416 
2.600000 -1.000000 -1.070953 
2.800000 -1.000000 -1.326367 
3.000000 -1.000000 -1.430489 
3.200000 -1.000000 -1.271064 
3.400000 -1.000000 -0.877649 
3.600000 -1.000000 -0.375168 
3.800000 -1.000000 0.103378 
4.000000 1.000000 0.476635 
4.200000 1.000000 0.725103 
4.400000 1.000000 0.869502 
4.600000 1.000000 0.943810 
4.800000 1.000000 0.977992 
5.000000 1.000000 0.992142 
5.200000 1.000000 0.997438 
5.400000 1.000000 0.999236 
5.600000 1.000000 0.999792 
5.800000 1.000000 0.999948 
6.000000 1.000000 0.999988 
6.200000 1.000000 0.999998 
6.400000 1.000000 1.000000 
6.600000 1.000000 1.000000 
6.800000 1.000000 1.000000 
7.000000 1.000000 1.000000 
7.200000 1.000000 1.000000 
7.400000 1.000000 1.000000 
7.600000 1.000000 1.000000 
7.800000 1.000000 1.000000 
8.000000 1.000000 1.000000 
8.200000 1.000000 1.000000 
8.400000 1.000000 1.000000 
8.600000 1.000000 1.000000 
8.800000 1.000000 1.000000 
9.000000 1.000000 1.000000 
9.200000 1.000000 1.000000 
9.400000 1.000000 1.000000 
9.600000 1.000000 1.000000 
9.800000 1.000000 1.000000 
10.000000 1.000000 1.000000 
